,R R R,B R R,R B R,R R B,B B R,B R B,R B B,B B B
R R R,0,6,242,306,46,290,254,778
B R R,6,0,258,82,116,278,286,224
R B R,242,258,0,182,168,380,282,272
R R B,306,82,182,0,348,188,118,50
B B R,46,116,168,348,0,140,82,300
B R B,290,278,380,188,140,0,290,228
R B B,254,286,282,118,82,290,0,16
B B B,778,224,272,50,300,228,16,0
